0,278
60,3
60,2
0,9
60,1
60,0
59,57
59,56
59,55
59,54
59,53
59,52
59,51
59,50
59,49
59,48
59,47
59,46
59,45
59,44
59,43
59,42
59,41
59,40
53,1
59,39
59,38
59,37
53,3
29,1
29,3
59,36
59,35
54,1
54,3
52,1
52,3
51,4
51,1
51,3
3,2
10,140
10,28
10,92
10,206
10,150
10,184
10,124
10,156
10,2
10,3
9,4
9,6
8,12
8,18
8,17
47,3
47,2
47,1
47,0
46,4
46,3
46,2
46,1
46,0
45,4
45,3
45,2
45,1
45,0
43,4
43,3
43,2
43,1
43,0
41,4
41,3
41,1
33,3
33,1
32,3
32,1
20,3
20,2
20,1
19,3
19,2
19,1
12,3
12,2
12,1
11,29
11,28
11,27
11,26
11,23
11,22
11,21
